lib: retrofit-2.2.0
similarity: 0.9037632864119506

lib: retrofit-2.3.0
similarity: 0.9498575498575499

time: 29s