lib: httpclient-4.3
similarity: 0.9602731489434805

lib: retrofit-2.2.0
similarity: 0.868141338695777

time: 41s