lib: retrofit-2.2.0
similarity: 0.868141338695777

lib: simple-xml-2.7.1
similarity: 0.9887919505826912

time: 55s