lib: bcprov-jdk15-1.46
similarity: 0.9855775164412787

lib: retrofit-2.2.0
similarity: 0.868141338695777

time: 61s