lib: retrofit-2.2.0
similarity: 0.9273197357081299

lib: retrofit-2.3.0
similarity: 0.9712250712250712

time: 31s