lib: commons-io-2.5
similarity: 0.9936834166116716

lib: httpclient-4.3
similarity: 0.8980415736127814

time: 48s