lib: commons-io-2.4
similarity: 0.9931055772792756

lib: retrofit-2.2.0
similarity: 0.8612467681700661

time: 44s