lib: retrofit-2.2.0
similarity: 0.9640907785119218

lib: retrofit-2.3.0
similarity: 0.9185185185185185

time: 42s