lib: retrofit-2.2.0
similarity: 0.8649813272048262

lib: retrofit-2.3.0
similarity: 0.9131054131054132

time: 45s