lib: bcprov-jdk15-1.46
similarity: 0.9854717280533174

lib: commons-io-2.5
similarity: 0.9936834166116716

time: 52s