lib: simple-xml-2.7.1
similarity: 0.9966885308539769

lib: retrofit-2.2.0
similarity: 0.868141338695777

time: 74s