lib: retrofit-2.2.0
similarity: 0.9592071243895433

lib: retrofit-2.3.0
similarity: 0.9088319088319088

time: 62s