lib: commons-io-2.4
similarity: 0.9931055772792756

lib: xstream-1.4.6
similarity: 0.9031820919494078

time: 41s