lib: retrofit-2.2.0
similarity: 0.9267451881643206

lib: retrofit-2.3.0
similarity: 0.9752136752136752

time: 59s