lib: commons-io-2.5
similarity: 0.9784104836428773

lib: simple-xml-2.7.1
similarity: 0.9978348086352926

time: 67s