lib: commons-io-2.4
similarity: 0.9768470878781642

lib: simple-xml-2.7.1
similarity: 0.9978348086352926

time: 26s