lib: retrofit-2.2.0
similarity: 0.8655558747486355

lib: retrofit-2.3.0
similarity: 0.9034188034188034

time: 46s