lib: commons-io-2.4
similarity: 0.9649104754064622

lib: fastjson-1.2.7
similarity: 0.9797256466038192

time: 80s