lib: commons-io-2.4
similarity: 0.9931055772792756

lib: httpclient-4.3
similarity: 0.8727452327778732

time: 66s