lib: commons-io-2.4
similarity: 0.9931055772792756

lib: retrofit-2.2.0
similarity: 0.868141338695777

time: 140s