lib: retrofit-2.2.0-jar2dex
similarity: 0.944843435794312

lib: retrofit-2.3.0-jar2dex
similarity: 0.9931623931623932

time: 63s