lib: FileDownloader-1.7.3
similarity: 0.9009953650938378

lib: library-1.7.3
similarity: 0.9009953650938378

time: 84s