lib: fastjson-1.2.22
similarity: 0.9445319154427897

lib: fastjson-1.2.23
similarity: 0.8753605274000824

time: 84s