lib: fastjson-1.2.7
similarity: 0.8685641769398115

lib: httpclient-4.3
similarity: 0.8754939013915135

time: 89s