lib: bcprov-jdk15-1.46
similarity: 0.9989333004213904

lib: retrofit-2.2.0
similarity: 0.868141338695777

time: 156s