lib: FileDownloader-1.7.3
similarity: 0.9971126814071879

lib: library-1.7.3
similarity: 0.9971126814071879

time: 58s