lib: commons-collections-3.2.1
similarity: 0.9997995188452286

lib: commons-io-2.4
similarity: 0.9931055772792756

time: 38s