lib: bcprov-jdk15-1.46
similarity: 0.984978048909498

lib: retrofit-2.2.0
similarity: 0.8612467681700661

time: 111s