lib: retrofit-2.2.0
similarity: 0.9882217753519104

lib: retrofit-2.3.0
similarity: 0.9364672364672365

time: 104s