lib: retrofit-2.2.0
similarity: 0.993105429474289

lib: retrofit-2.3.0
similarity: 0.9472934472934473

time: 188s