lib: support-v4-19.1.0
similarity: 0.9752815708163062

lib: com.viewpagerindicator.library.2.4.1 and com.inkapplications.viewpageindicator.library.2.4.3
similarity: 0.9788254095085897

time: 14s