lib: commons-io-2.4
similarity: 0.9931055772792756

lib: simple-xml-2.7.1
similarity: 0.9887919505826912

time: 42s