lib: commons-collections-3.2.1
similarity: 0.9996658647420475

lib: log4j-1.2.17
similarity: 0.8923379010695187

time: 39s