lib: commons-io-2.4
similarity: 0.9768470878781642

lib: httpclient-4.3
similarity: 0.8618794021645765

time: 60s