lib: commons-io-2.4
similarity: 0.9699526651574398

lib: httpclient-4.3
similarity: 0.902594056004123

time: 65s